166
169
172
158
173
191
156
157
160
161
162
164
165
166
167
169
199
172
139
255
226
127
157
164
199
167
157
161
164
165
167
166
166
168
170
191
186
162
232
255
122
155
161
190
179
154
158
161
164
164
164
165
168
168
176
195
168
136
255
144
141
160
173
193
160
158
161
161
163
164
165
167
169
171
201
175
141
255
232
121
153
159
195
166
155
158
160
164
164
165
166
167
169
190
186
161
213
255
116
148
155
184
179
154
155
159
162
163
164
166
166
168
176
197
168
133
255
148
139
160
172
194
158
158
163
163
163
164
163
166
168
171
200
177
147
255
251
126
158
163
197
169
157
160
161
163
164
165
167
167
169
190
191
166
202
255
124
152
161
188
186
158
160
162
161
160
161
164
165
167
174
196
167
130
255
156
138
161
170
194
157
154
159
161
160
161
163
165
165
166
194
173
143
255
255
121
156
161
196
169
156
160
162
164
164
165
165
165
165
183
185
162
185
255
119
149
159
184
182
152
155
157
159
159
160
162
163
166
174
197
166
128
255
161
134
159
170
198
161
157
161
162
165
167
166
167
168
168
194
174
147
255
255
123
160
164
197
173
156
161
165
165
167
169
169
169
169
186
192
167
178
255
126
149
159
180
186
159
160
162
164
164
165
167
167
170
176
201
172
133
255
173
135
160
172
201
163
158
160
160
160
160
160
161
164
167
195
176
148
255
255
118
155
161
195
172
155
159
160
162
164
166
168
168
171
184
191
162
163
255
124
148
159
184
191
159
160
161
160
163
163
165
167
167
170
196
167
129
255
183
135
160
165
196
161
156
158
158
160
162
164
165
166
167
193
178
153
255
255
118
157
163
196
174
155
160
160
159
161
163
164
164
167
182
191
165
154
255
126
145
158
178
188
158
160
162
162
163
162
162
165
166
169
197
168
130
255
191
130
160
170
201
165
159
163
165
165
166
168
171
171
171
194
183
157
255
255
121
155
162
194
177
158
162
161
164
165
166
167
168
167
178
190
164
146
255
130
145
161
178
190
157
159
161
163
167
167
166
167
167
172
200
172
135
255
202
128
159
166
198
164
156
160
161
163
164
165
166
167
167
191
182
156
255
255
119
155
163
192
177
154
157
162
163
166
167
166
167
167
177
194
166
141
255
139
144
160
175
191
157
157
159
160
161
163
163
166
167
169
199
174
138
255
216
125
158
163
196
163
151
158
160
159
161
164
166
166
166
187
184
159
235
255
119
154
160
189
178
154
158
159
160
164
165
164
164
166
175
193
164
133
255
140
140
158
174
193
158
158
161
161
162
163
161
162
163
168
199
174
140
255
229
124
158
163
197
166
155
160
161
163
165
167
168
168
167
186
182
158
215
255
114
149
156
183
177
152
157
160
159
160
161
164
167
171
178
198
169
133
255
152
142
164
178
200
162
161
162
164
165
166
167
169
169
170
199
176
144
255
250
127
161
165
198
168
157
162
162
164
165
167
167
168
170
189
188
163
199
255
117
150
159
184
180
156
158
159
160
165
167
167
167
169
175
196
166
127
255
154
131
153
166
195
160
156
159
160
162
163
162
161
162
166
196
174
144
255
255
119
156
161
195
166
152
156
159
161
164
166
168
168
170
186
190
164
184
255
122
152
163
187
186
158
160
161
161
161
163
165
166
167
173
199
169
130
255
165
134
157
168
196
161
157
160
161
164
166
168
169
168
167
197
178
150
255
255
125
160
164
196
171
156
161
166
166
166
168
169
168
168
184
190
164
172
255
124
150
160
184
189
158
159
160
161
160
163
166
168
169
174
199
169
132
255
176
134
158
166
195
159
154
159
159
162
164
167
168
168
168
195
177
151
255
255
120
157
161
193
171
155
158
160
158
161
166
169
170
170
185
192
165
163
255
128
149
162
182
187
158
158
158
160
163
164
165
167
168
172
199
168
131
255
183
134
160
167
196
159
155
159
161
163
164
164
163
163
165
192
179
153
255
255
118
154
161
194
173
154
159
160
159
159
163
165
166
169
182
191
164
155
255
126
147
162
180
188
156
159
163
164
164
164
165
164
164
169
197
169
132
255
191
130
157
164
195
162
157
162
162
162
164
165
166
166
169
193
181
157
255
255
119
154
158
191
174
155
157
159
161
161
163
164
166
168
180
192
164
147
255
128
144
158
177
189
157
157
160
163
164
164
166
168
167
169
198
170
130
255
199
129
157
166
199
162
155
158
161
162
163
163
166
168
167
191
181
155
255
255
120
154
159
193
177
156
160
160
160
162
164
165
165
166
176
191
163
143
255
129
142
160
177
191
157
157
162
164
166
166
164
166
169
174
201
173
137
255
214
134
163
169
200
166
156
161
164
167
166
165
165
167
168
190
180
156
252
255
116
152
161
192
177
155
161
163
164
165
165
167
168
168
178
195
167
141
255
138
145
159
174
191
157
158
161
161
162
165
166
166
167
170
199
173
137
255
222
128
160
165
197
165
156
158
160
163
162
162
165
168
169
192
185
157
232
255
119
154
160
190
180
156
157
160
164
166
167
169
170
170
177
196
169
138
255
145
142
160
176
196
161
159
159
161
163
164
165
165
167
170
200
173
139
255
230
123
157
163
197
164
150
155
159
160
162
162
165
168
169
190
185
160
218
255
121
156
162
190
184
156
159
158
159
161
162
161
164
166
174
193
166
135
255
152
141
160
172
194
159
158
161
161
163
165
167
168
168
169
197
173
142
255
245
124
157
162
199
171
160
163
163
164
165
166
168
170
170
188
187
163
205
255
119
149
159
188
183
157
161
162
165
166
165
165
166
166
174
196
166
130
255
151
137
161
172
193
157
156
160
161
163
166
167
166
165
167
196
173
142
255
252
123
158
162
196
168
156
159
161
162
164
164
165
167
169
185
187
162
193
255
121
151
160
182
180
153
157
161
162
165
166
166
166
167
170
195
166
129
255
158
134
157
169
196
160
156
159
162
163
163
164
164
165
166
195
177
148
255
255
121
156
161
197
171
154
156
159
161
162
163
167
168
168
184
188
161
175
255
117
148
158
183
186
156
157
160
161
163
165
166
168
169
173
200
171
133
255
174
139
163
171
200
163
159
161
161
160
162
163
164
164
166
193
174
146
255
255
120
155
162
196
170
153
157
160
161
160
161
162
164
166
183
190
164
167
255
123
147
158
180
185
155
156
160
161
163
163
164
164
165
168
196
167
127
255
176
132
159
167
196
160
156
158
160
162
164
165
166
167
167
195
179
152
255
255
120
158
163
196
177
160
164
162
160
162
164
164
165
168
182
191
164
156
255
130
148
161
182
190
157
160
163
164
166
166
168
167
167
170
197
169
132
255
193
134
162
170
200
162
154
157
159
162
163
164
163
164
168
196
184
157
255
255
121
156
161
193
174
155
160
162
163
165
164
163
165
168
182
194
166
151
255
134
148
162
181
191
158
159
161
163
164
163
167
169
169
172
200
171
135
255
203
130
160
167
199
167
158
162
161
160
163
164
165
167
170
194
181
155
255
255
118
153
160
190
175
153
157
159
162
162
163
164
167
168
178
193
166
142
255
134
144
159
176
190
157
160
162
162
162
164
167
166
167
170
197
169
133
255
204
127
158
165
199
166
159
164
166
166
166
166
168
170
169
189
178
154
249
255
118
155
160
189
176
154
157
160
162
165
165
166
168
169
178
194
166
139
255
139
145
161
175
191
155
156
158
158
160
161
161
164
166
168
197
173
138
255
218
128
157
163
197
164
155
160
161
161
162
163
164
164
167
190
181
156
239
255
120
155
161
190
179
154
159
162
164
164
165
164
165
165
175
192
164
135
255
138
143
159
175
194
160
157
159
161
162
162
166
167
168
172
201
173
140
255
226
125
158
164
198
168
158
160
162
164
165
164
165
167
169
190
184
159
231
255
120
156
163
190
180
157
161
161
162
166
167
166
164
165
174
193
165
134
255
141
142
161
174
194
157
154
156
158
159
161
163
165
166
169
197
171
140
255
231
126
159
166
199
165
155
158
161
161
164
164
164
165
167
187
183
160
222
255
121
154
161
190
181
155
158
159
161
163
166
168
167
168
175
194
166
134
255
151
142
160
172
194
159
156
157
158
159
161
162
164
166
168
198
173
139
255
239
124
156
161
195
165
153
157
159
160
162
164
165
165
165
184
183
160
205
255
116
152
158
185
180
153
156
159
160
163
164
166
168
170
177
199
169
133
255
154
141
162
173
197
160
158
161
162
164
164
164
166
166
168
197
173
143
255
250
122
156
163
197
167
155
159
159
161
163
165
164
166
168
187
188
163
195
255
121
154
164
190
188
161
164
166
167
169
170
172
173
173
179
204
173
134
255
162
137
160
173
199
162
160
163
164
164
164
166
165
165
167
196
176
146
255
255
122
158
164
198
173
159
165
166
166
168
167
166
167
168
184
185
158
179
255
118
149
160
183
184
154
156
157
158
160
161
161
161
162
171
197
169
132
255
170
136
158
168
195
159
155
160
161
161
162
164
165
165
168
195
176
148
255
255
119
154
158
194
170
154
159
162
162
164
164
165
166
166
182
187
162
174
255
124
148
160
183
186
156
157
157
158
160
162
163
165
165
170
195
166
127
255
167
129
155
168
196
162
157
160
159
159
161
164
164
166
168
196
178
150
255
255
119
156
161
194
172
156
160
161
162
164
166
165
165
167
181
188
163
166
255
126
150
162
182
187
158
160
163
165
166
167
169
168
170
172
198
168
132
255
182
134
160
168
195
160
157
163
163
163
165
166
168
168
170
195
179
153
255
255
120
156
162
194
171
156
159
161
164
165
166
166
169
170
182
192
167
160
255
131
149
160
179
189
159
160
164
167
169
168
168
168
170
175
200
171
134
255
194
134
158
166
197
162
156
159
161
162
162
166
167
166
165
189
175
149
255
255
116
156
163
194
174
156
160
161
161
162
163
163
164
165
177
188
162
149
255
128
145
157
175
187
155
155
160
162
163
163
164
164
165
170
198
169
132
255
196
127
156
162
194
159
154
158
160
161
165
165
168
170
170
193
181
157
255
255
117
155
162
191
174
154
160
160
158
158
160
162
163
164
176
191
164
143
255
130
143
159
178
191
158
158
160
158
159
162
165
167
167
168
197
169
134
255
206
129
160
165
199
164
156
162
165
166
167
167
169
169
169
193
184
159
255
255
119
154
162
194
181
158
161
162
164
165
167
166
166
168
180
196
168
143
255
140
143
160
176
191
155
157
158
158
160
161
164
166
167
170
198
172
137
255
220
129
158
164
199
165
158
161
161
164
165
167
167
167
167
191
184
159
239
255
119
152
159
190
179
156
159
160
159
159
160
161
163
165
173
192
165
136
255
143
143
159
173
192
157
158
161
162
162
164
164
164
166
170
197
173
140
255
229
127
158
163
196
164
154
157
160
163
165
166
166
167
169
189
184
159
226
255
121
155
161
187
176
152
156
158
159
161
163
164
168
170
177
196
166
133
255
146
142
162
176
196
159
159
161
165
163
163
165
166
168
170
199
174
140
255
238
125
159
164
198
167
154
160
161
162
163
166
170
171
171
190
187
163
214
255
120
153
162
189
182
157
160
164
165
165
167
168
169
168
175
196
167
131
255
152
141
161
175
196
161
160
162
161
162
163
165
165
166
168
195
174
144
255
249
129
163
166
200
169
157
161
161
162
164
168
169
169
170
188
188
161
201
255
122
153
162
187
186
157
159
161
162
163
163
165
166
165
171
193
164
128
255
154
138
158
170
195
160
155
162
161
161
162
164
164
166
167
195
173
143
255
255
121
155
161
197
170
155
159
161
161
162
163
164
165
166
183
186
161
187
255
122
152
161
186
187
158
158
159
158
159
163
165
168
168
175
199
170
131
255
166
137
159
169
197
161
158
160
162
163
164
165
166
167
168
194
173
145
255
255
120
154
159
193
167
153
158
160
162
161
161
164
164
165
180
184
160
172
255
120
146
157
183
188
158
160
163
164
165
164
166
167
170
174
198
168
129
255
171
135
161
170
196
160
159
162
161
160
162
162
163
165
167
193
177
150
255
255
121
159
163
194
171
155
160
160
161
162
164
166
167
168
185
192
164
166
255
125
148
160
182
188
158
159
161
163
163
164
165
165
165
170
196
167
129
255
181
135
159
167
197
162
158
162
161
162
164
166
168
168
170
195
178
151
255
255
121
158
163
195
174
157
159
160
161
163
164
166
166
167
181
191
164
157
255
125
148
161
181
189
159
160
161
161
161
164
168
170
170
173
200
170
132
255
188
131
158
166
197
161
154
158
160
161
164
165
166
166
169
194
179
153
255
255
116
154
160
191
172
154
159
161
161
162
163
163
166
170
181
193
165
150
255
131
146
159
178
189
156
158
161
162
161
162
164
165
165
170
198
169
132
255
200
131
159
167
200
164
157
161
163
163
164
166
169
169
169
192
181
158
255
255
121
156
160
191
175
155
160
165
167
168
166
167
169
171
181
195
164
142
255
133
143
159
176
191
158
157
159
160
162
164
166
166
166
168
197
170
136
255
210
127
159
166
197
163
156
160
161
162
163
165
166
166
166
190
182
157
245
255
114
151
158
189
176
156
160
161
162
164
166
169
169
169
177
193
165
137
255
137
141
158
174
189
155
156
157
159
162
164
164
165
165
168
198
172
138
255
221
125
159
166
200
166
156
160
161
161
162
165
166
168
169
189
184
160
229
255
119
153
161
187
179
155
158
160
161
163
164
166
167
166
175
195
166
133
255
144
141
162
176
195
160
159
164
165
167
167
167
166
167
169
199
176
145
255
243
126
160
164
198
167
157
159
161
162
165
168
169
168
168
187
185
161
208
255
115
151
159
189
183
156
157
159
160
162
164
166
167
169
175
194
165
130
255
147
137
157
171
194
159
157
161
162
164
165
166
165
164
168
199
177
144
255
254
126
160
166
199
170
157
161
161
163
165
167
168
171
170
187
189
165
198
255
123
153
160
184
181
155
158
160
161
162
164
167
168
169
179
202
170
132
255
160
138
159
170
196
159
156
159
160
161
163
164
165
166
168
196
175
146
255
255
123
159
166
200
172
157
161
162
164
163
163
162
163
165
183
186
161
178
255
120
148
158
182
183
153
157
158
160
162
165
165
164
165
171
197
170
130
255
166
133
156
167
196
161
159
161
161
163
165
166
168
167
168
196
178
151
255
255
121
158
163
195
172
